38127987424935 650410086286996191 -1 45
38127987424935 924995860653791030 -1 54
38127987424935 8142175346550601965 -1 29
190641099386142 8592459252441599328 -1 18
198267213431781 8592459252441599328 -1 9
198267600871956 8592459252441599328 -1 0
175401268789883 8592459252441599328 -1 20
198286197075113 8592459252441599328 -1 2
198286197075134 8592459252441599328 -1 13
198296660616983 8592459252441599328 -1 16
198296875850588 8592459252441599328 -1 34
198296875850588 8675845160939932173 -1 61
198296875850588 5003622171708657220 -1 43
198296875850588 15580496201144545429 -1 47
198296875850588 1635755717174430986 -1 39
815970272134535 9740866023212383520 -1 23
1433831954776136 14630470890586821682 -1 59
1433831954776136 18321722574829913713 -1 41
1433831954776136 7199101417849755770 -1 57
38127987424935 350220815692997949 1 19
30503552201415 433606724191330794 1 43
30503552201415 9455358309508416871 1 37
38136123255204 9755547580102415113 1 18
167771667920472 9905642215399414234 1 21
99148264124391 13057629556636395775 1 45
99148264124391 15290905772753839374 1 31
716821660408338 13940054055080847285 1 33
718516237627224 13945613115647402808 1 17
717669078157944 13954878216591662013 1 41
717669078157944 6742064956056315401 1 48
717669078157944 9884258878713308007 1 51
717669078157944 13367666631144198983 1 49
717669078157944 15484197790401695937 1 53
175399202507904 8592459252441599328 -1 19
198278319485799 8592459252441599328 -1 13
198288783027648 8592459252441599328 -1 34
198288783027648 8675845160939932173 -1 61
198288783027648 5003622171708657220 -1 43
198288783027648 15580496201144545429 -1 59
198288783027648 12019099868203265143 -1 47
53387318225178 350220815692997949 1 21
38143871664984 350220815692997949 1 34
30518274179997 366897997392664518 1 9
30517886779191 366897997392664518 1 37
30503552201415 350220815692997949 -1 18
38129924527380 650410086286996191 -1 45
38129666247054 6467814236194875478 -1 29
175400881330023 6918098142085872841 -1 20
198284647353786 6918098142085872841 -1 9
198285034793961 6918098142085872841 -1 0
198285034813646 6918098142085872841 -1 2
198285034813667 6918098142085872841 -1 10
198286197134210 6918098142085872841 -1 4
200827675542239 6918098142085872841 -1 13
200838139070966 6918098142085872841 -1 16
200837063460626 6918098142085872841 -1 11
200838226666877 6918098142085872841 -1 24
201403214880002 6918098142085872841 -1 25
205640045347706 6918098142085872841 -1 34
38129924527380 350220815692997949 1 17
61013432270817 350220815692997949 1 21
38143613384658 433606724191330794 1 26
33059881728000 433606724191330794 1 41
33059881728000 24233075076125011 1 25
33907170337443 27939115453828693 1 40
34754545040328 12180045513944201971 1 24
34189685967366 17201105028324384855 1 8
34189642927206 17201105028324384855 1 42
34189642927206 16293412761029084921 1 37
34189642927206 16593602031623083163 1 56
38127987424935 13411185877902873590 -1 29
129666538304388 13861469783793870953 -1 30
602453969794071 13861469783793870953 -1 43
579587637692313 13536178831626164385 -1 20
396580271621427 14887030549299156474 -1 34
404205869106414 11233707161080167781 -1 9
404203932043335 11233707161080167781 -1 10
404205094422900 11233707161080167781 -1 11
404208581561595 11233707161080167781 -1 14
404208591658974 11233707161080167781 -1 4
404208591659163 11233707161080167781 -1 5
404208587410308 11233707161080167781 -1 2
404208587410353 11233707161080167781 -1 13
404219050952202 11233707161080167781 -1 15
404344594322514 11233707161080167781 -1 31
1227909122701110 15286262314099144048 -1 46
1227909122701110 6815825369048700488 -1 47
1227909122701110 16437209892593182199 -1 59
1227909122701110 13778868099063783368 -1 58
1227909122701110 12892754167887317091 -1 41
1227909122701110 1770133010907159148 -1 40
1227909122701110 10360422007720140911 -1 42
1227909122701110 15573572825758593153 -1 26
1233840142967211 15573572825758593153 -1 16
1234687517670096 3417760386890516193 -1 60
1233840358200816 11180315461776226951 -1 8
1233840487354101 11180315461776226951 -1 24
38130828862815 350220815692997949 1 20
198274187354877 350220815692997949 1 21
175418318794968 350220815692997949 1 3
175418318795013 350220815692997949 1 4
175418318617947 11278144570031846350 1 1
175418706077796 11278144570031846350 1 16
175418749124519 11278144570031846350 1 12
177109969230608 11278144570031846350 1 14
177099512066051 11278144570031846350 1 26
174557646237722 11311498933431179488 1 33
172015780409393 11326323094941994216 1 8
172015651275791 11326323094941994216 1 10
172015263894668 11326323094941994216 1 24
171450404821706 11326323094941994216 1 30
377404299035573 11326323094941994216 1 23
1818704985817334 11326323094941994216 1 37
1544277648234443 11776607000832991579 1 40
1544277648234443 8632103646661942941 1 41
1544277653017898 8194934694713959543 1 6
1544277648235415 8194934694713959543 1 42
1544277648235415 6883427838870009349 1 44
1544277648235415 17160941506921861559 1 39
1544277648235415 8152170664230409289 1 46
1544277648235415 15551265496613328885 1 54
1544277648235415 6472895139173300564 1 60
1544277648235415 1130800639761380135 1 59
1544277648235415 17796846547000291608 1 58
1544277648235415 17203280491510078227 1 57
1544277648235415 17005425139680007100 1 56
1544277648235415 4641643973263615647 1 62
38127987424935 7293592457400996061 -1 45
33044255768277 13110996607308875348 -1 18
40670628094242 13411185877902873590 -1 43
40670628094242 5591347378728209890 -1 29
200807787917529 6191725919916206374 -1 52
200807787917529 9672974039273677787 -1 59
200807787917529 6111577706332397501 -1 9
200808175364262 6111577706332397501 -1 0
200808175383947 6111577706332397501 -1 2
200808175443014 6111577706332397501 -1 16
200808261543017 6111577706332397501 -1 17
203350385651672 6111577706332397501 -1 54
38129666247054 11278144570031846350 1 26
55943647751763 11278144570031846350 1 29
124580998685448 11278144570031846350 1 13
124577523061308 11278144570031846350 1 37
101700732201156 11728428475922843713 1 22
101721652907562 14880415817159825254 1 6
101909937671622 14880415817159825254 1 7
101909932890840 14880415817159825254 1 4
101909932890678 14880415817159825254 1 45
101909932890678 18141237711758946026 1 34
103604510109564 18124560530059279457 1 24
103887025739487 18124560530059279457 1 8
103887111878856 18124560530059279457 1 0
103887111878863 18124560530059279457 1 2
103887499633969 18124560530059279457 1 3
103887499456849 18124560530059279457 1 10
103886982955246 18124560530059279457 1 32
103039694345803 18126413550248131298 1 33
103039694345803 18115295429115020252 1 39
1338386486913697 3721106508424444903 1 47
1338386486913697 9426403532790861945 1 50
1338386486913697 812660689284692167 1 53
1338386486913697 13199185133513200396 1 59
1338386486913697 11418486967042560253 1 61
1338386486913697 16482283856343580034 1 41
1338386486913697 10013216788126732828 1 48
30503552201415 5950412982254916539 -1 29
167764306931181 14451377254171236788 -1 38
305025061660947 7657584793614986962 -1 22
579609333239697 9849347157910672388 -1 60
579609333239697 1874321777322475895 -1 61
579609333239697 3339361350975436144 -1 43
579609333239697 5594423611826739097 -1 42
579609333239697 8412610646269003995 -1 33
579609333239697 7162253456657164554 -1 26
582998487677469 7212285001756164261 -1 17
586387900395567 7212285001756164261 -1 12
586387901635596 7212285001756164261 -1 18
594014275024443 7212285001756164261 -1 4
594014276677977 7212285001756164261 -1 2
594014276677998 7212285001756164261 -1 0
594296577074321 7212285001756164261 -1 8
594296709416252 7212285001756164261 -1 3
594296709435989 7212285001756164261 -1 6
594296723786354 7212285001756164261 -1 16
1211938825123817 7212285001756164261 -1 20
1234823755711958 7212285001756164261 -1 32
1235106185248439 7215991042133867943 -1 47
1235106185248439 10197204082485320246 -1 56
1029225513506993 1194683670953413179 -1 23
1235304930365216 1194683670953413179 -1 7
198267213431781 350220815692997949 1 21
175401268789878 350220815692997949 1 37
106770891424995 6467814236194875478 1 43
106779027255264 2533293668663024896 1 12
106775756235909 2533293668663024896 1 26
104232728146113 2566648032062358034 1 25
103385439536670 2553676890740395147 1 8
103385310409631 2553676890740395147 1 1
103385310527732 2553676890740395147 1 24
102820451454791 2553676890740395147 1 11
102820064211449 2553676890740395147 1 3
102820064152616 2553676890740395147 1 40
102820064152616 14709489329608472107 1 53
38129666247054 350220815692997949 -1 9
38130053687229 350220815692997949 -1 20
61014981972459 650410086286996191 -1 45
38148649870701 6467814236194875478 -1 29
198286197055428 6918098142085872841 -1 0
198286197075113 6918098142085872841 -1 2
198286197075134 6918098142085872841 -1 13
198296660616983 6918098142085872841 -1 16
198296875850588 6918098142085872841 -1 34
30517499339019 433606724191330794 1 42
30517499339019 9957775153539490867 1 37
30517499339019 10257964424133489109 1 49
30517499339019 14846312880438294196 1 26
33059365167348 14829635698738627627 1 56
33059365167348 7304087843988408905 1 40
33059365167348 16740051150636661929 1 51
38129924527380 7293592457400996061 -1 45
38129924527380 331562048210203898 -1 20
61014852812610 631751318804202140 -1 42
61014852812610 16572221952723519351 -1 26
66098584469268 16577781013290074874 -1 41
63556847781102 15753474654493107785 -1 43
63556847781102 9195111466063394572 -1 25
67793290828317 3332083682225644109 -1 49
67793290828317 15571250480740681605 -1 29
136434128546403 15721345116037680726 -1 22
205137728383707 15721345116037680726 -1 8
205137857536992 15721345116037680726 -1 52
205137857536992 2286350973058525715 -1 30
616920121726290 2736634878949523078 -1 53
616920121726290 13180379237021937317 -1 47
616920121726290 7363129607758755969 -1 39
1234593518010237 15468239913796708503 -1 23
1852455200651838 15468239913796708503 -1 55
1852455200651838 12097747204890533414 -1 56
1852455200651838 3095226793358626347 -1 60
1852455200651838 6193956465499705947 -1 62
167764306931181 9905642215399414234 1 45
175396877984970 12589202337407855196 1 18
167771667920472 18124560530059279457 1 12
167771668806207 18124560530059279457 1 3
167771668806252 18124560530059279457 1 4
167771668629186 18124560530059279457 1 1
167771668629180 18124560530059279457 1 13
167768183439102 18124560530059279457 1 21
99148266427422 18124560530059279457 1 33
100842843646308 18130119590625834980 1 17
99995684177028 18139384691570094185 1 39
100843058879913 2394344053206526747 1 41
1336189851447807 3308026818931535438 1 23
718610598342687 771003889425721655 1 47
718610727522216 6476300913792138697 1 0
718610727502534 6476300913792138697 1 48
718610727502534 2848409588428323612 1 51
718610727502534 6331817340859214588 1 53
718610727502534 1692053504730011595 1 57
33044255768277 350220815692997949 -1 18
40670628094242 650410086286996191 -1 45
40670240732802 6467814236194875478 -1 9
40670628179535 6467814236194875478 -1 34
43212494007864 13494571786401206435 -1 0
43212494027549 715137227302534985 -1 2
43212494086616 17850374445168136407 -1 43
43212494086616 1717811282291263414 -1 52
43212494086616 11941089463765924595 -1 16
43212580186619 11941089463765924595 -1 49
43212580186619 3119678688946125600 -1 29
180474497177852 3269773324243124721 -1 20
134739508451402 3269773324243124721 -1 22
203443108288706 3269773324243124721 -1 56
203443108288706 12713996986420769270 -1 40
203443108288706 2857541909524199417 -1 51
203443108288706 14361126449971046790 -1 59
203443108288706 11702784656441647959 -1 53
203443108288706 4576076514034646815 -1 30
615225372478004 5026360419925644178 -1 38
615225372478004 10561718612577068439 -1 47
615225372478004 10279827175965311352 -1 31
1850572165045898 14332382328984287619 -1 54
1850572165045898 3869201273251097313 -1 57
175400881330023 11278144570031846350 1 26
170327613215214 11278144570031846350 1 44
170327613215214 12485516384547170538 1 14
170317191125763 12485516384547170538 1 7
170317186344981 12485516384547170538 1 5
170317184750901 12485516384547170538 1 22
101718188445627 12485516384547170538 1 23
101812317275547 12485516384547170538 1 52
101812317275547 816772578899016897 1 42
101812317275547 18035395705262951164 1 33
103506894494433 18040954765829506687 1 41
103507023673962 17603785813881523289 1 0
103507411429063 17603785813881523289 1 10
103507024126726 17603785813881523289 1 1
103507024067680 17603785813881523289 1 4
103507023890614 17603785813881523289 1 2
103507023890596 17603785813881523289 1 8
103506894756994 17603785813881523289 1 16
102659649194272 17603785813881523289 1 46
102659649194272 10359709447434276100 1 30
1543897573856815 10359709447434276100 1 39
926224177572868 6658247162955706426 1 37
926224177572868 5757679351173711700 1 50
926224177572868 15590680581377093538 1 53
926224177572868 1546897933919688841 1 51
926224177572868 2148934293527609811 1 55
926224177572868 10325503287195180404 1 62
38129666247054 433606724191330794 1 42
61013432270817 17568843942056932216 1 37
38137027275711 17869033212650930458 1 26
33053510852658 17852356030951263889 1 12
33050024599698 17852356030951263889 1 10
33049637297361 17852356030951263889 1 1
33070558476162 17852356030951263889 1 0
33070558476181 17852356030951263889 1 5
33070558358326 17852356030951263889 1 4
33070558181260 17852356030951263889 1 8
34765135406707 17852356030951263889 1 14
34754679836473 10300181348181227536 1 24
35037066326233 10311299469314338582 1 41
172297821055999 10024225152663354305 1 30
378251715269866 10024225152663354305 1 38
309621337904983 8838053940830532611 1 15
309589971194281 6974542270477661154 1 32
308742682584838 6970836230099957472 1 44
308742682584838 8228239589714281367 1 48
1544089475152732 12721285230044266062 1 39
1544089475152732 2424339665836687781 1 23
926510222047612 6425159023196980776 1 50
926510222047612 17940127334393629930 1 52
926510222047612 7410969940475271644 1 57
33044255768277 6467814236194875478 -1 18
40670628192657 924995860653791030 -1 34
43212494020986 7951753410860121987 -1 11
43212494434329 6640246555016171793 -1 43
43212494434329 8954427465848850416 -1 51
43212494434329 3965928814398157015 -1 21
43234577402202 3965928814398157015 -1 12
43225285156317 3965928814398157015 -1 29
203362831809630 4116023449695156136 -1 13
203373424964034 4116023449695156136 -1 7
203373429738255 4116023449695156136 -1 1
203373429797310 4116023449695156136 -1 24
204785577479715 4116023449695156136 -1 0
204785577499400 4116023449695156136 -1 32
204785577499400 4125288550639415341 -1 16
205633081349009 4125288550639415341 -1 40
205633081349009 9999434455610276850 -1 49
205633081349009 1178023680790477855 -1 56
205633081349009 13343949495376798181 -1 59
205633081349009 16742653303933637316 -1 41
205633081349009 1146177373970544073 -1 38
411524213443658 3847880809316528251 -1 22
617478107657525 6549584244662512429 -1 46
1235151503941472 5555052620676598674 -1 47
1235151503941472 8026324589977752225 -1 54
1235151503941472 10571276304521338272 -1 62
175411344871872 350220815692997949 1 14
175401276761493 350220815692997949 1 37
106772062012371 650410086286996191 1 5
108466766777340 650410086286996191 1 10
108465604633989 650410086286996191 1 26
103390008807600 650410086286996191 1 12
105927226121502 683764449686329329 1 33
103385360293173 18283965922332691764 1 1
103385360234132 18283965922332691764 1 8
103385231080847 10731791239562655411 1 24
103667660617328 10735497279940359093 1 40
103667875877177 4439006584532328914 1 42
103667875936280 3581345862336028687 1 44
30503552201415 13110996607308875348 -1 18
33046192870722 13110996607308875348 -1 34
33893481480165 13194382515807208193 -1 20
64404007250382 11916230023362591137 -1 17
66946002238557 11916230023362591137 -1 16
66946217472162 17583539537973471303 -1 24
68358365154567 17583539537973471303 -1 0
68358365174252 17583539537973471303 -1 33
68358365174252 17611334840806248918 -1 49
68358365174252 14233328370803801477 -1 54
68358365174252 14009111635527994026 -1 43
68358365174252 13533726048063288337 -1 47
68358365174252 10550131176105547072 -1 29
411510251998667 10550131176105547072 -1 31
1852748176661210 11900982893778539161 -1 61
61012915710165 15045893320567031242 1 37
38138060357649 15346082591161029484 1 26
33054328700991 9755547580102415113 1 10
170313533807850 9905642215399414234 1 21
170383269495870 9905642215399414234 1 30
513535156320285 13057629556636395775 1 15
513514251025668 13057629556636395775 1 13
513535184486658 13057629556636395775 1 3
513535184840979 13057629556636395775 1 2
513535184663841 13057629556636395775 1 4
513535184132481 13057629556636395775 1 5
513535182538401 13057629556636395775 1 7
513535182542046 13057629556636395775 1 23
513597939878295 13057629556636395775 1 31
925380204067593 13057629556636395775 1 33
927074781286479 13063188617202951298 1 17
927074996520084 13063188617202951298 1 24
926792566983603 13072453718147210503 1 40
926792566983603 4260424482004686714 1 41
926792566983603 15494355295178891718 1 44
926792566983603 2695024647451069590 1 39
926792566983603 18157503874412931167 1 49
926792566983603 10788250567003704875 1 51
926792566983603 7178192042429598618 1 46
926792566983603 12845501557040478784 1 53
926792566983603 11039392478216715874 1 56
926792566983603 3513844623466497152 1 57
926792566983603 17830689206634944218 1 59
43212494020986 18143618987017725297 -1 44
43212494007864 13933839012417167854 -1 54
43212494007864 2704274424604427173 -1 0
43212494027549 13756534041505021071 -1 43
43212494027549 13281148454040315382 -1 2
43212494086616 13281148454040315382 -1 16
43212580186619 13281148454040315382 -1 20
43220716016888 13281148454040315382 -1 11
43218392379689 13281148454040315382 -1 5
43218392380256 13281148454040315382 -1 3
43218392380391 13281148454040315382 -1 13
43221882884879 13281148454040315382 -1 21
66119596046246 13281148454040315382 -1 29
203380350776012 13731432359931312745 -1 41
203380350776012 12896007880001234610 -1 25
205074927994898 7032980096163484147 -1 48
205074927994898 9973749080799651704 -1 49
205074927994898 4186663575853454413 -1 57
205074927994898 14072590488676836444 -1 59
205074927994898 4772107341688693855 -1 61
205074927994898 1099884352457418902 -1 47
205074927994898 4081097392808871205 -1 60
205074927994898 14552816085930226328 -1 46
167764306931181 18124560530059279457 1 22
175428259044579 18124560530059279457 1 18
167834458737504 18124560530059279457 1 12
167834459623239 18124560530059279457 1 3
167834459977722 18124560530059279457 1 5
167834459623608 18124560530059279457 1 1
167834463343689 18124560530059279457 1 21
100906022061219 18124560530059279457 1 9
100905634660413 18124560530059279457 1 10
100905634542315 18124560530059279457 1 23
1336409332408254 18124560530059279457 1 32
1336409418501696 18126413550248131298 1 33
1336409418501696 17279870949184942117 1 39
1336409418501696 1252938874209617592 1 48
1336409418501696 1858109867360796415 1 50
1336409418501696 3946496410586467751 1 53
1336409418501696 16333020854814975980 1 59
1336409418501696 14552322688344335837 1 61
1336409418501696 7556584584227389100 1 55
38129924527380 13411185877902873590 -1 29
198267471712107 1082035224695199503 -1 43
198267213431781 12160053614331047025 -1 51
198267213431781 204739458018571672 -1 9
198267600871956 204739458018571672 -1 0
198267600891641 204739458018571672 -1 2
198267600891662 204739458018571672 -1 10
198268763212205 204739458018571672 -1 11
198268763625548 204739458018571672 -1 4
198268763625737 204739458018571672 -1 16
198268978859342 204739458018571672 -1 53
198268978859342 15239989250209761487 -1 47
198268978859342 14958097813598004400 -1 31
1433615771427236 18050195835675990665 -1 41
1433615771427236 17214771355745912530 -1 25
1435592778182603 17214771355745912530 -1 32
1435875207719084 7357331549888408756 -1 50
1435875207719084 294698426181348169 -1 55
1435875207719084 9502362946580418710 -1 48
1435875207719084 8656688636745147449 -1 26
1440958939375742 8662247697311702972 -1 34
1440958939375742 8275110290462719281 -1 57
1440958939375742 16881919998334484094 -1 52
1440958939375742 14774792739706760699 -1 54
38143871664984 17568843942056932216 1 26
33060140008326 17552166760357265647 1 9
33059752607520 17552166760357265647 1 37
40670240732802 350220815692997949 -1 9
40670628192657 7293592457400996061 -1 34
35588058797466 7326946820800329199 -1 20
43221792099600 7326946820800329199 -1 0
43218305866325 7326946820800329199 -1 1
43218305925380 7315828699667218153 -1 16
40676655337217 7315828699667218153 -1 24
41241643550342 7315828699667218153 -1 5
41241643550909 7315828699667218153 -1 3
41241643551044 7315828699667218153 -1 13
41245136712737 7315828699667218153 -1 6
41245138308518 7315828699667218153 -1 11
41245139194253 7315828699667218153 -1 15
41245172675036 7315828699667218153 -1 25
45481615722251 7315828699667218153 -1 29
182752830805220 7315828699667218153 -1 22
320086808007407 7315828699667218153 -1 37
411593977827251 9116964323231207605 -1 31
1647034913573972 9116964323231207605 -1 39
1852926031321901 17222074629269160139 -1 40
1852926031321901 4645770420152766350 -1 41
1852926031321901 12837803888983653376 -1 42
1852926031321901 16833951880809599315 -1 43
1852926031321901 9415194651636895514 -1 45
1852926031321901 5530361993107210749 -1 49
1852926031321901 584260028657647116 -1 56
1852926031321901 10028483690835291665 -1 51
198273670439931 15346082591161029484 1 21
106774636804650 15346082591161029484 1 18
100843229118060 15346082591161029484 1 2
100843229118231 15346082591161029484 1 3
100843228941111 9755547580102415113 1 5
100843228941273 9755547580102415113 1 9
100842841540467 9755547580102415113 1 32
100842927633909 9757400600291266954 1 33
100842927633909 8910857999228077773 1 48
100842927633909 9516028992379256596 1 50
100842927633909 11604415535604927932 1 61
33046322050251 350220815692997949 -1 20
101684835245403 350220815692997949 -1 34
111852298558719 17568843942056932216 -1 43
111848811951465 10050023622686229001 -1 21
134750011877553 10050023622686229001 -1 0
135596913086192 10050023622686229001 -1 2
135596913263360 2481171758216526079 -1 8
135596956323203 2481171758216526079 -1 10
135597343802768 2481171758216526079 -1 22
204290483641163 2481171758216526079 -1 4
204290484349940 2481171758216526079 -1 24
204855386469623 2486730818783081602 -1 32
205702675079066 2495995919727340807 -1 49
205702675079066 18405717063931078640 -1 48
205702675079066 15903081743749894643 -1 50
205702675079066 3661912713162330572 -1 45
205702675079066 14013609469834458121 -1 57
205702675079066 7569323468205785490 -1 59
43212494007864 5239693288849258129 -1 44
43212494007864 11564771677209335645 -1 43
43212494007864 13281148454040315382 -1 0
205074927994898 5601887942196856075 -1 39
822748324278845 13706998248234808609 -1 23
1440610006920446 149859041899695155 -1 46
1440610006920446 1538698269328224120 -1 30
1852392271109744 2889549987001216209 -1 60
1852392271109744 10652105061886926967 -1 62
200836977354062 6918098142085872841 -1 11
200838140560313 6918098142085872841 -1 24
201402999639836 6918098142085872841 -1 16
201403085739839 6918098142085872841 -1 25
604979694696348 11278144570031846350 1 37
582165664360605 11728428475922843713 1 38
513535288590207 13079280193595835802 1 6
513535286996613 12985316381391916773 1 23
307706917021182 12985316381391916773 1 39
307706917021182 15687019816737900951 1 42
307706917021182 14458898869392283602 1 44
307706917021182 1099385813467967481 1 33
309401494240068 1104944874034523004 1 41
309401882014851 667775922086539606 1 2
309401881837713 13428551713702417005 1 9
1544748287004801 14779403431375409094 1 16
1543901041442079 14497511994763652007 1 50
1543995213318720 5883769151257482229 1 51
1543995213318720 16936028768158076127 1 53
1543995213318720 2515130472616913731 1 54
1543995213318720 4646888005328850024 1 55
38127987424935 331562048210203898 -1 54
33044255768277 5356979169811329407 -1 43
33044255768277 8365001334777514694 -1 42
33044255768277 10701738959521672277 -1 34
33044255768277 10347955916072021724 -1 52
33044255768277 6282967124903611812 -1 60
33044255768277 6220028712636817153 -1 57
33044255768277 8878718520628949634 -1 58
33044255768277 16671641319689496828 -1 33
33891544377720 15432402251210768433 -1 24
34456403450682 9143323636558145618 -1 16
34456618684287 9143323636558145618 -1 32
34456618684287 9152588737502404823 -1 18
45472274588187 9152588737502404823 -1 20
45480410418456 9152588737502404823 -1 12
45480411540387 9152588737502404823 -1 11
45481574156148 9152588737502404823 -1 1
45481574215203 9152588737502404823 -1 21
68379287376570 9152588737502404823 -1 29
411531174200985 9152588737502404823 -1 31
1646972109947706 9152588737502404823 -1 15
1647066281824347 9152588737502404823 -1 38
1647066281824347 12304576078739386364 -1 22
1853020176038214 12304576078739386364 -1 47
1853020176038214 12022684642127629277 -1 48
1853020176038214 16211385403302936003 -1 49
1853020176038214 1696685468304417810 -1 61
1853020176038214 14665097473958931563 -1 63
170327610026568 12178712381813841076 1 45
170327610026568 12277600024656433391 1 22
101948281138557 12277600024656433391 1 15
101916928781136 12277600024656433391 1 13
101906470022256 12277600024656433391 1 34
103601047241142 12260922842956766822 1 33
102753758631699 12249804721823655776 1 38
1338100551199593 14501224251278642591 1 39
1338100551199593 16921036250012869682 1 50
1338100551199593 8307293406506699904 1 52
1338100551199593 3065493210769575941 1 59
1338100551199593 3090904123122698708 1 54
1338100551199593 5222661655834635001 1 55
38127987424935 12893784623962914651 -1 29
190640324545164 13344068529853912014 -1 43
167773992443406 13018777577686205446 -1 19
190655433944235 13018777577686205446 -1 34
190655433944235 15293925850480223717 -1 26
200822897257551 15299484911046779240 -1 13
200836847583801 14021332418602162184 -1 25
204226002021573 14039862620490680594 -1 10
204227164578285 14039862620490680594 -1 9
204227552038140 14039862620490680594 -1 2
204227552215305 14039862620490680594 -1 16
204227767448910 14039862620490680594 -1 8
204227896602195 14039862620490680594 -1 24
205640044284600 14039862620490680594 -1 40
205640044284600 1469117471940842328 -1 41
205640044284600 17813402694408809799 -1 61
205640044284600 14141179705177534846 -1 47
205640044284600 196439221207420403 -1 39
823313440568547 8301549527245372937 -1 23
1441175123210148 13191154394619811099 -1 46
1441175123210148 14579993622048340064 -1 30
1852957387399446 15930845339721332153 -1 59
1852957387399446 13272503546191933322 -1 58
1852957387399446 12386389615015467045 -1 57
1852957387399446 5942103613386794414 -1 56
1852957387399446 9942922970747087409 -1 60
1852957387399446 17404459865828837682 -1 62
39828118025124 350220815692997949 1 34
32202735773742 366897997392664518 1 2
32202735596604 11261467388332179781 1 9
32202348215487 11261467388332179781 1 0
32202348195802 11261467388332179781 1 32
32202348195802 11274438529654142668 1 37
169463102925568 11724722435545140031 1 21
169536325397989 11724722435545140031 1 30
512688212222404 14876709776782121572 1 15
512667306927787 14876709776782121572 1 13
512688238263013 14876709776782121572 1 7
512688238266658 14876709776782121572 1 5
512688239860657 14876709776782121572 1 3
512688239860603 14876709776782121572 1 23
1748129170824355 14876709776782121572 1 39
924564642445759 482520856091546223 1 41
924564642445759 15955073048347300658 1 44
924564642445759 16762192502070627190 1 46
924564642445759 9632078664889990629 1 51
924564642445759 6022020140315884372 1 48
924564642445759 9164214062972876978 1 50
924564642445759 7047682903715380024 1 52
924564642445759 3310973606998058486 1 53
924564642445759 10547589790555645488 1 55
40670628094242 7293592457400996061 -1 45
40670628094242 331562048210203898 -1 34
43212493922571 17550185174574138165 -1 43
43212493922571 10031364855203434950 -1 20
66096259946334 10031364855203434950 -1 41
66096259946334 7928906003961850805 -1 52
66096259946334 12940655934692247410 -1 54
66096259946334 16483270016660924925 -1 60
66096259946334 3258610779195795472 -1 58
38130053706909 350220815692997949 1 44
38130053706909 18221516211739844462 1 26
35588187878580 18204839030040177893 1 33
33054457880520 18193720908907066847 1 51
34749164239569 3230384587628406207 1 11
34748002155249 2394960107698328072 1 8
34748088255252 2394960107698328072 1 10
34747700893818 2394960107698328072 1 0
34747700933239 2394960107698328072 1 2
34747700874196 2394960107698328072 1 4
34747700874250 2394960107698328072 1 12
34744214621290 2394960107698328072 1 24
34179183361444 2394960107698328072 1 32
34179183361444 2391254067320624390 1 48
38127987424935 5657168440405327649 -1 43
38127987424935 18428924614872240323 -1 29
198265534609662 582559082350685191 -1 47
198265534609662 16045708284102495542 -1 31
1639503459272205 16045708284102495542 -1 23
1776955987144026 16045708284102495542 -1 22
1845649126628127 12308998987385174004 -1 11
1845652613766822 16110102101319692034 -1 33
1846499902376265 16121220222452803080 -1 39
1846499902376265 7126732132076492405 -1 50
1846499902376265 15439456795778701698 -1 41
1846499902376265 4754004590746527153 -1 53
1846499902376265 3443059278665749205 -1 16
1846500375890196 3443059278665749205 -1 9
1846500763350051 3443059278665749205 -1 48
1846500763350051 8465971813234783930 -1 51
1846500763350051 6960880914214981505 -1 55
1846500763350051 5408677152395104688 -1 57
30503552201415 5356979169811329407 -1 43
30503552201415 13525707760815533736 -1 52
30503552201415 15277079538408610540 -1 62
30503552201415 7743818323145676657 -1 50
30503552201415 14795067676102935463 -1 58
30503552201415 7859549537747976566 -1 29
305025061660947 8459928078935973050 -1 21
373665904162002 8459928078935973050 -1 13
373665906287766 8459928078935973050 -1 20
396549672311529 8459928078935973050 -1 4
396549672311934 8459928078935973050 -1 6
396549673907958 8459928078935973050 -1 10
396549674203203 8459928078935973050 -1 15
396549702903204 8459928078935973050 -1 22
396622930119228 8459928078935973050 -1 3
396717059480643 8459928078935973050 -1 2
396717059657808 8459928078935973050 -1 16
396717145757811 8459928078935973050 -1 0
396717145764374 8459928078935973050 -1 17
397564563573029 8459928078935973050 -1 18
405192227320307 8459928078935973050 -1 26
410275958976965 8509959624034972757 -1 24
411688106659370 8509959624034972757 -1 31
1235252635037966 12562514777053949024 -1 33
1235252635037966 11312157587442109583 -1 38
33046192870722 350220815692997949 -1 20
101684706065874 350220815692997949 -1 34
111851007176772 433606724191330794 -1 11
111848683362426 433606724191330794 -1 21
340630555049640 433606724191330794 -1 2
340630555285854 14945830230369031828 -1 5
340630555286367 14945830230369031828 -1 4
341477844427440 14929153048669365259 -1 14
341477855587701 14929153048669365259 -1 6
341477852402700 14929153048669365259 -1 15
341572014713403 14929153048669365259 -1 22
341645237185824 14929153048669365259 -1 24
342210139305507 14929153048669365259 -1 8
342210182365350 14929153048669365259 -1 32
343057470974793 14932859089047068941 -1 33
343057470974793 14960654391879846556 -1 37
411687848339676 4207755136363288657 -1 31
1235252376718272 8260310289382264924 -1 38
1235252376718272 12895100670251694459 -1 46
1235252376718272 1591008967895810816 -1 50
1235252376718272 12426684253087921083 -1 49
1235252376718272 4918778292544369092 -1 51
1235252376718272 5088759348200780111 -1 40
1235252376718272 10536854422356769268 -1 48
1235252376718272 5698621110690596537 -1 52
1235252376718272 6726166789172273710 -1 47
1235252376718272 16347551312716755421 -1 54
1235252376718272 13349684651719257020 -1 62
175400922782421 350220815692997949 1 37
106771708033299 650410086286996191 1 26
103382941016016 650410086286996191 1 10
103381520631687 650410086286996191 1 0
103381520631694 650410086286996191 1 2
103381520631754 650410086286996191 1 4
103381521694690 650410086286996191 1 5
103381519569169 650410086286996191 1 7
103381514788387 650410086286996191 1 8
103946373867910 650410086286996191 1 16
103946287754785 650410086286996191 1 20
103949774362039 650410086286996191 1 23
104043903191959 650410086286996191 1 32
610079179858569 1082035224695199503 -1 43
404188047763920 13510905332004039114 -1 39
406729913592249 4470091736906432414 -1 42
1024403309876196 646320942842539058 -1 23
1779529234031964 646320942842539058 -1 12
1779529235271993 646320942842539058 -1 13
1779532739593947 646320942842539058 -1 2
1779532738176870 646320942842539058 -1 6
1779533127015993 646320942842539058 -1 7
1779533141369274 646320942842539058 -1 10
1779533141664519 646320942842539058 -1 9
1779533529124374 646320942842539058 -1 14
1779564919749921 646320942842539058 -1 17
1782107043858576 646320942842539058 -1 21
1850758341929865 646320942842539058 -1 47
1850758341929865 16109470144594349409 -1 51
1850758341929865 4154155988281874056 -1 52
1850758341929865 5181701666763551229 -1 53
175394166041547 13861469783793870953 -1 43
175394166041547 12274703520881213898 -1 41
167768568556560 10188921851339296322 -1 26
172852300213218 18306310944163285484 -1 38
171157722994332 3011554211690715409 -1 21
194055048754893 3011554211690715409 -1 47
194075969461299 7178071893976302304 -1 14
194086434598200 7178071893976302304 -1 7
194086439385543 7178071893976302304 -1 5
194086439386758 7178071893976302304 -1 11
194086441335375 7178071893976302304 -1 15
194117850915678 7178071893976302304 -1 4
194117852510163 7178071893976302304 -1 2
194117852510208 7178071893976302304 -1 12
194121340357491 7178071893976302304 -1 10
194122502914203 7178071893976302304 -1 8
194122502927326 7178071893976302304 -1 16
194122589040451 7179924914165154145 -1 17
196665100569595 13648991982382001351 -1 24
198077248252000 13648991982382001351 -1 40
198077248252000 652196003017290733 -1 57
1335342476744922 3745195770879518836 1 23
718610598342687 3745195770879518836 1 41
718610598342687 14984685644620279363 1 47
718610727522216 2243238595277144789 1 0
718610727502534 2243238595277144789 1 48
43212494007864 12082172931149294584 -1 29
203350041192591 18199766351651172113 -1 53
203350041192591 3434994273428255929 -1 0
203350041212276 3434994273428255929 -1 2
203350041271343 3434994273428255929 -1 16
203350127371346 3434994273428255929 -1 47
203350127371346 3153102836816498842 -1 31
1438696919939240 7205657989835475109 -1 49
1438696919939240 5094685891144533678 -1 32
1438979349475721 5098391931522237360 -1 40
1438979349475721 3446989981742880147 -1 50
1438979349475721 14282665266934990414 -1 48
1438979349475721 9444431955268817683 -1 52
1438979349475721 7337304696641094288 -1 54
1438979349475721 1570269585824202389 -1 55
32202649719666 366897997392664518 1 44
32202649719666 18204839030040177893 1 50
169466891233833 9591096186534008115 1 3
169466891234022 9591096186534008115 1 5
169466891234184 4000561175475393744 1 42
169466891234184 6523511796965294718 1 12
169463408701311 6523511796965294718 1 21
169473866928750 6523511796965294718 1 2
169473866751612 6523511796965294718 1 16
169473909798339 6523511796965294718 1 0
169473909798337 6523511796965294718 1 22
100874913493063 6523511796965294718 1 26
103416779321392 6506834615265628149 1 8
103416650187790 6506834615265628149 1 10
103416262806667 6506834615265628149 1 24
102851403733705 6506834615265628149 1 60
175392228939102 13861469783793870953 -1 43
175392228939102 3190146669040935362 -1 30
587174493128400 2328923719087982531 -1 26
584632627300071 2395632445886648807 -1 18
523628622261153 3746484163559640896 -1 19
958290003428346 3746484163559640896 -1 25
959984580647232 26452048541985927 -1 12
959984581887261 26452048541985927 -1 3
959984581533102 26452048541985927 -1 5
959984581887972 26452048541985927 -1 1
959984582950869 26452048541985927 -1 21
1028639369932323 26452048541985927 -1 10
1028639370227568 26452048541985927 -1 23
1028859037644831 26452048541985927 -1 15
1028859071125614 26452048541985927 -1 7
1028859071130717 26452048541985927 -1 39
1852423599509313 9482414072252930550 -1 41
1852423599509313 7379955221011346405 -1 53
1852423599509313 7877919777290529277 -1 59
1852423599509313 5219577983761130446 -1 58
1852423599509313 4333464052584664169 -1 57
1852423599509313 16335922124665543154 -1 40
1852423599509313 12345216143023493525 -1 24
1852988458582275 6903664858394993812 -1 56
1852988458582275 1889880970583268532 -1 60
1852141299112995 9652436045468979290 -1 8
1852141299145800 9652436045468979290 -1 0
1852141299165485 9652436045468979290 -1 16
1852988803008533 9652436045468979290 -1 55
38129666247054 10050023622686229001 1 44
61027379408421 2331077122919526958 1 26
63570407852511 2264368396120860682 1 20
34765307074872 2264368396120860682 1 2
34765522131339 2264368396120860682 1 8
34765393004300 2264368396120860682 1 9
34765005741275 2264368396120860682 1 1
34765005662546 2264368396120860682 1 14
34754550092312 2264368396120860682 1 24
38130828862815 17568843942056932216 1 26
55930863229920 17552166760357265647 1 21
34759495767537 17552166760357265647 1 10
34758075383208 17552166760357265647 1 12
34754592850335 17552166760357265647 1 2
34754592673251 17552166760357265647 1 0
172025807736538 17552166760357265647 1 1
172025807677492 9999992077587229294 1 4
172025807146105 2388923289069787945 1 6
172025807147320 2388923289069787945 1 8
172025678018821 2388923289069787945 1 22
66945830228820 11916230023362591137 -1 2
66945830425668 17583539537973471303 -1 10
66946217964255 17583539537973471303 -1 24
68358365646660 17583539537973471303 -1 33
68358365646660 17611334840806248918 -1 49
68358365646660 14233328370803801477 -1 54
68358365646660 14009111635527994026 -1 43
68358365646660 13533726048063288337 -1 47
68358365646660 10550131176105547072 -1 29
411510252471075 10550131176105547072 -1 31
1852748177133618 11900982893778539161 -1 61
30503552201415 6467814236194875478 -1 18
33046192870722 6467814236194875478 -1 20
55927635965874 6467814236194875478 -1 12
55930736412351 6467814236194875478 -1 34
63556333897338 1008381769152123875 -1 17
66098845072188 1008381769152123875 -1 4
66946005250218 1008381769152123875 -1 16
67793509093266 1008381769152123875 -1 0
67793509112951 1008381769152123875 -1 6
67793510708732 1008381769152123875 -1 54
67793510708732 8225561255048934810 -1 29
205054265438498 8675845160939932173 -1 61
205054265438498 5003622171708657220 -1 43
205054265438498 15580496201144545429 -1 47
205054265438498 1635755717174430986 -1 39
205054265438498 15981322608259813771 -1 59
205054265438498 1225830218793354186 -1 41
205054265438498 8549953135522747859 -1 57
822727661722445 6803390714189613516 -1 23
198265534609662 2900324171781497775 -1 43
404156666704311 13528058655526347934 -1 46
404156666704311 5383414477297106019 -1 39
404156666704311 17362327122497951616 -1 50
1021830062988258 5877455994817617204 -1 23
1776955987144026 5877455994817617204 -1 22
1838023529143140 5894133176517283773 -1 52
1838023529143140 10905883107247680378 -1 41
1838023529143140 11945618178663088839 -1 11
1838023531091757 11945618178663088839 -1 4
1838023531092648 11945618178663088839 -1 12
1838027018939931 11945618178663088839 -1 14
1838027030100192 11945618178663088839 -1 18
1845653402426157 11945618178663088839 -1 25
1847347979645043 11962295360362755408 -1 32
1847347979645043 11545509630492142261 -1 47
1847347979645043 8561914758534400996 -1 53
1847347979645043 14478206551284872598 -1 51
1847347979645043 12973115652265070173 -1 55
170390372145786 11278144570031846350 1 45
170390372145786 15012367139119281159 1 44
170390372145786 9950393079415804211 1 53
170390372145786 147763184175162613 1 30
513542258970201 7802589584322117784 1 23
513636402149028 10504293019668101962 1 31
925418666338326 9153441301995109873 1 12
925425640438569 9153441301995109873 1 11
925422154362810 9153441301995109873 1 4
925422153832017 9153441301995109873 1 13
925380314013528 9153441301995109873 1 42
925380314013528 10426034733873171406 1 40
925945173086490 4136956119220548591 1 41
925945302344751 4977939659717182249 1 1
925945302285705 2440916730211368466 1 8
925945173152103 2440916730211368466 1 47
925945173152103 5444510319231801330 1 56
925945173152103 9921420536562461593 1 58
38129666247054 13110996607308875348 -1 9
38130053687229 13110996607308875348 -1 20
61014981972459 13411185877902873590 -1 0
61014981992144 2450040265890500412 -1 2
38148649890407 2450040265890500412 -1 29
129687200769860 2450040265890500412 -1 38
815990974418690 3800891983563492501 -1 14
816001439555591 3800891983563492501 -1 7
816001444342934 3800891983563492501 -1 15
816001474635071 3800891983563492501 -1 23
816221142052334 3800891983563492501 -1 5
816221143647872 3800891983563492501 -1 25
817915850006921 3800891983563492501 -1 39
1435589246290868 11906002289601445035 -1 43
1438131112119197 4487245060428741234 -1 34
1440672977947526 7093581590416975053 -1 47
1440672977947526 4109986718459233788 -1 49
1440672977947526 1572963788953420005 -1 48
1440672977947526 17517072542481787624 -1 50
1440672977947526 5275903511894223553 -1 52
1440672977947526 10987836432437148109 -1 30
1852455242136824 11864171169143017824 -1 24
1853020101209786 4642493124878323797 -1 57
1853020101209786 8178826559929214966 -1 60
1853020101209786 12180610771482176021 -1 63
30503552201415 18078703799179242374 -1 34
30503552201415 17724920755729591821 -1 25
32198129420301 16430091081585308196 -1 26
34739995248630 16485681687250863426 -1 17
37282119357285 16485681687250863426 -1 18
44908491683250 16485681687250863426 -1 11
44908492096593 16485681687250863426 -1 3
44908492096650 16485681687250863426 -1 2
44908492155717 16485681687250863426 -1 0
44908492155722 16485681687250863426 -1 12
44909655480071 16485681687250863426 -1 20
67793421503834 16485681687250863426 -1 32
68075851040315 16489387727628567108 -1 16
68358366670238 16489387727628567108 -1 40
68358366670238 3916789558889877001 -1 47
68358366670238 933194686932135736 -1 29
411510253494653 933194686932135736 -1 31
1852748178157196 2284046404605127825 -1 48
1852748178157196 7306958939174162550 -1 49
1852748178157196 3928952469171715109 -1 61
167834459623284 18124560530059279457 1 4
167834459446218 18124560530059279457 1 1
167834459446212 18124560530059279457 1 13
167830974256134 18124560530059279457 1 21
99211057244454 18124560530059279457 1 23
1334714755110393 18124560530059279457 1 33
1336409332329279 18130119590625834980 1 17
1335562172859999 18139384691570094185 1 39
1336409547562884 2394344053206526747 1 41
1336409547562884 13633833926947287274 1 48
1336409676742413 16776027849604279880 1 0
1336409676722731 16494136412992522793 1 51
1336409676722731 17440521235917599986 1 53
1336409676722731 12800757399788396993 1 57
63556718640939 16555544771023852782 -1 34
66098584469268 7568736828684612122 -1 43
66098584469268 9882917739517290745 -1 52
66098584469268 1659451847282400310 -1 41
66098584469268 18426081860187536451 -1 48
66098584469268 5428301151861891912 -1 40
66098584469268 10881955286584436592 -1 29
134739422187354 11032049921881435713 -1 22
203443022024658 11032049921881435713 -1 24
204007881097620 11033902942070287554 -1 56
204007881097620 2031382530538380487 -1 51
204007881097620 13534967070985227860 -1 53
204007881097620 9791778875047647633 -1 30
615790145286918 10242062780938644996 -1 55
615790145286918 5426754542155558789 -1 39
615790145286918 2141269516523368838 -1 59
615790145286918 17929671796703521623 -1 57
615790145286918 9076306760131099142 -1 61
615790145286918 6937717712437352231 -1 38
615790145286918 12473075905088776492 -1 63
38133153385749 11278144570031846350 1 26
170313663243258 11278144570031846350 1 21
170331100353909 11278144570031846350 1 2
170331100176771 11278144570031846350 1 6
170331100177986 11278144570031846350 1 4
170331100177824 11278144570031846350 1 14
170320678088373 11278144570031846350 1 7
170320673307591 11278144570031846350 1 12
170320672244709 11278144570031846350 1 23
170414801074629 11278144570031846350 1 30
376368695288496 11278144570031846350 1 31
994010710512834 11278144570031846350 1 37
925380333147951 14880415817159825254 1 42
925380333147951 13652294869814207905 1 44
925380333147951 18289241981708446037 1 33
927074910366837 18294801042275001560 1 41
927074910366837 12171663808233343945 1 16
926227664804115 12171663808233343945 1 39
926227664804115 14873367243579328123 1 50
926227664804115 6259624400073158345 1 51
926227664804115 17311884016973752243 1 46
926227664804115 4532449457875080793 1 53
40670628179535 350220815692997949 -1 34
43212494007864 7376978365899328906 -1 45
43212494007864 11882875659963257999 -1 43
43212494007864 11457521617597552017 -1 0
43212494027549 11457521617597552017 -1 2
43212494086616 11457521617597552017 -1 16
43212580186619 11457521617597552017 -1 20
66096346210382 11457521617597552017 -1 41
55929700614159 11278144570031846350 1 13
55927377803646 11278144570031846350 1 12
56491204286745 11278144570031846350 1 1
56491204286802 11278144570031846350 1 2
56512125465609 11278144570031846350 1 4
56512126529031 11278144570031846350 1 6
56512124935194 11278144570031846350 1 8
56511995801592 11278144570031846350 1 22
56543386427139 11278144570031846350 1 15
56543400780420 11278144570031846350 1 23
56637539176278 11278144570031846350 1 29
102380663732997 11278144570031846350 1 42
102380663732997 7864178862946312011 1 37
102380663732997 8164368133540310253 1 49
102380663732997 11146663899882615440 1 40
102380663732997 4868703406363103671 1 44
102380663732997 13883083945250080908 1 58
102380663732997 13846257731307660569 1 59
102380663732997 12968614104248901881 1 61
38130053706909 650410086286996191 -1 20
38138189517498 650410086286996191 -1 0
38137027334765 650410086286996191 -1 11
33054458352917 650410086286996191 -1 34
43218435413273 683764449686329329 -1 13
43221925858739 683764449686329329 -1 2
43221925917809 672646328553218283 -1 4
43221925917998 672646328553218283 -1 24
43786914131123 672646328553218283 -1 41
43786914131123 8433938197230595354 -1 32
44634202740566 8437644237608299036 -1 16
45481577443451 8437644237608299036 -1 40
45481577443451 14311790142579160545 -1 42
45481577443451 11368347750840942742 -1 43
45481577443451 13682528661673621365 -1 21
68379290604818 13682528661673621365 -1 44
68379290604818 16840645461936805773 -1 38
274270422699467 1095604823573238335 -1 22
274427327997512 1095604823573238335 -1 39
480318460092161 9200715129611190869 -1 45
480318460092161 16418672545685983820 -1 46
480318460092161 18257795679005510148 -1 56
480318460092161 3811870962656251527 -1 57
480318460092161 3416160258996109273 -1 52
480318460092161 1309033000368385878 -1 54
30503552201415 4911873910559688919 1 37
167764306931181 5362157816450686282 1 45
175396877984970 8045717938459127244 1 18
167771667920472 8045717938459127244 1 12
167771668806207 8045717938459127244 1 4
167771668806306 8045717938459127244 1 3
167771668629186 8045717938459127244 1 1
167771668629180 8045717938459127244 1 13
167768183439102 8045717938459127244 1 21
99148266427422 8045717938459127244 1 33
100842843646308 8051276999025682767 1 17
99995684177028 8060542099969941972 1 41
99995684177028 7617814087455403051 1 51
99995684177028 8994094581258570632 1 57
99995684177028 10399553283368890343 1 39
1335342476744922 14452108436387866610 1 23
717763223639802 18384152575098900033 1 47
717763223639802 5642705525755765459 1 53
717763223639802 18029229969984273688 1 59
717763223639802 12006065584368866078 1 48
717763223639802 6562661279551514524 1 61
404156666704311 13411185877902873590 -1 43
404156666704311 5741442014025209011 -1 46
406698532532640 4696878844940295549 -1 42
406698532532640 3490994139860900292 -1 17
406699953074433 3490994139860900292 -1 10
406700986320396 3490994139860900292 -1 23
612779243042673 3490994139860900292 -1 11
612780405599412 3490994139860900292 -1 1
612780405658467 3490994139860900292 -1 5
612790866012156 3490994139860900292 -1 13
612801330085446 3490994139860900292 -1 24
613366318298571 3490994139860900292 -1 25
617602761345786 3490994139860900292 -1 40
617602761345786 9365140044831761801 -1 41
617602761345786 7262681193590177656 -1 52
617602761345786 10743929312947649069 -1 59
617602761345786 2734123861109024801 -1 47
617602761345786 12355508384653506512 -1 54
617602761345786 9357641723656008111 -1 62
106772054040756 2533293668663024896 1 53
106772269274361 15437219366831492064 1 10
106779242902212 15437219366831492064 1 12
106775756531172 15437219366831492064 1 26
101690862790356 15437219366831492064 1 3
104232728441565 15470573730230825202 1 25
103385052411633 15465014669664269679 1 0
103385052411640 15465014669664269679 1 5
103385052411802 15465014669664269679 1 8
103949911491325 15465014669664269679 1 32
103102622881882 367612859246826757 1 41
103102622881882 12879696164865648817 1 48
103102622881882 1575965371173382802 1 57
40670628094242 4989311019120288920 -1 29
200808175278969 8112640181798186378 -1 53
200807787917529 9787779222331894881 -1 51
200807787917529 1263295150293043961 -1 9
200808175364262 1263295150293043961 -1 0
200808175383947 12473423040445008575 -1 2
200808175443014 12473423040445008575 -1 16
200808261543017 12473423040445008575 -1 17
203350385651672 12473423040445008575 -1 41
203350385651672 11637998560514930440 -1 25
205044962870558 5774970776677179977 -1 47
205044962870558 5493079340065422890 -1 31
1440674184974933 9540075432517843634 -1 32
1438415910944552 9543781472895547316 -1 11
1438415911830287 9543781472895547316 -1 20
1438424047660556 9543781472895547316 -1 4
1438424048192159 9543781472895547316 -1 34
1440965914020488 9582694896861435977 -1 48
1440965914020488 8316528816777847887 -1 49
1440965914020488 4938522346775400446 -1 50
1440965914020488 16734654762908500715 -1 54
1440965914020488 10967619652091608816 -1 55
38129924527380 924995860653791030 -1 20
38148520710852 924995860653791030 -1 29
198286067895579 924995860653791030 -1 13
198296531437428 924995860653791030 -1 34
198296531437428 1008381769152123875 -1 38
815969927721375 2809517392716113327 -1 39
815969927721375 15269073005447490814 -1 52
815969927721375 16898655043537088957 -1 59
815969927721375 13638276890399769156 -1 43
815969927721375 5768406846126105749 -1 54
815969927721375 2770540185128607348 -1 55
38129924527380 15045893320567031242 1 37
198267471712107 15346082591161029484 1 20
175397656014594 15346082591161029484 1 26
170313924357936 9755547580102415113 1 9
170313536957130 15873141000604292642 1 38
170313536957130 13790113940428546103 1 21
101690133161049 13790113940428546103 1 5
101690131566969 13790113940428546103 1 33
103384708785855 13795673000995101626 1 17
103384924019460 13795673000995101626 1 32
102537635429718 13797526021183953467 1 0
102537635410036 13797526021183953467 1 39
1337884427977930 3455892253512354385 1 41
1337884427977930 3018723301564370987 1 50
1337884427977930 12851724531767752825 1 53
1337884427977930 6791504902286709438 1 59
1337884427977930 5010806735816069295 1 61
1337884427977930 1947112770410155981 1 55
1337884427977930 10174118743339155488 1 57
55930733794512 350220815692997949 -1 34
63556331279499 17602198305456265354 -1 17
66381143204961 17602198305456265354 -1 1
66381143204994 17602198305456265354 -1 2
66381143264061 17602198305456265354 -1 4
66381143264250 17602198305456265354 -1 8
66381272417535 17602198305456265354 -1 33
66381272417535 17629993608289042969 -1 49
55931121155952 3033780937701438911 -1 34
43232252367510 3067135301100772049 -1 29
134770803246963 3067135301100772049 -1 42
134767316639709 594216224709870782 -1 3
134767316639772 594216224709870782 -1 4
134767316817081 594216224709870782 -1 1
134767316817096 594216224709870782 -1 12
134770804664379 594216224709870782 -1 14
134770815824640 594216224709870782 -1 6
134770812639639 594216224709870782 -1 15
134864974950342 594216224709870782 -1 30
615319453133880 594216224709870782 -1 37
615319453133880 1644878671788864629 -1 53
38136123255204 2716742667359357155 1 29
106766500620087 15422857094713295279 1 11
106766503985880 15422857094713295279 1 12
106763017732920 15422857094713295279 1 6
106763016139326 15422857094713295279 1 18
99137806074828 15422857094713295279 1 33
100832383293714 15428416155279850802 1 17
100832598527319 15428416155279850802 1 32
99985309917876 15430269175468702643 1 41
99985309917876 14993100223520719245 1 50
99985309917876 6379357380014549467 1 53
99985309917876 319137750533506080 1 59
99985309917876 16985183657772417553 1 61
99985309917876 13921489692366504239 1 47
99985309917876 10658385215403294849 1 57
38130053706909 7293592457400996061 -1 20
38138189517498 7293592457400996061 -1 29
175409404600467 7293592457400996061 -1 37
404177329150077 7743876363291993424 -1 45
404177329150077 1232129859992198624 -1 0
404177329169762 1232129859992198624 -1 2
404177329169783 1232129859992198624 -1 13
404177332889870 1232129859992198624 -1 4
404177331827393 1232129859992198624 -1 6
404177332892003 1232129859992198624 -1 11
404177333777738 1232129859992198624 -1 14
404187803696879 1232129859992198624 -1 16
404188018930484 1232129859992198624 -1 23
610267437382787 1232129859992198624 -1 34
612809303211116 1265484223391531762 -1 25
617045746258331 1254366102258420716 -1 40
617045746258331 7124805966851578543 -1 24
617610605331293 7126658987040430384 -1 41
617610605331293 6307911688810018818 -1 42
617610605331293 3834992612419117551 -1 51
617610605331293 17895274394285896736 -1 50
617610605331293 13818300586364792379 -1 52
617610605331293 82288263581676883 -1 53
617610605331293 14214483516360985243 -1 47
617610605331293 13932592079749228156 -1 31
1852957397899187 17985147232768204423 -1 54
1852957397899187 12218112121951312524 -1 55
175392228939102 13344068529853912014 -1 43
175392228939102 11757302266941254959 -1 34
312652983668868 11840688175439587804 -1 19
335531325805785 11840688175439587804 -1 41
335531325805785 11929991688493689085 -1 10
335532488126310 11929991688493689085 -1 1
335532488185363 11929991688493689085 -1 17
335533133886178 11929991688493689085 -1 12
335533135126207 11929991688493689085 -1 4
335533135303516 11929991688493689085 -1 13
335536625276563 11929991688493689085 -1 21
404187923347852 11929991688493689085 -1 23
610267341800155 11929991688493689085 -1 61
610267341800155 8257768699262414132 -1 47
610267341800155 11238981739613866435 -1 59
610267341800155 8580639946084467604 -1 58
610267341800155 7694526014908001327 -1 57
610267341800155 400743225333337752 -1 32
610267341800155 12988165555582842587 -1 48
612809207628484 11705322293799587928 -1 25
617045650675699 13838530634756751451 -1 60
617328080212180 5857946193601999435 -1 16
617610595842103 5857946193601999435 -1 46
106771106658600 650410086286996191 1 26
104229240830271 683764449686329329 1 33
101695510832211 672646328553218283 1 11
101690862140799 672646328553218283 1 2
101690861963661 672646328553218283 1 8
103385439189108 672646328553218283 1 10
103385051807985 11567215719492733546 1 24
102820020548139 11576480820436992751 1 40
102820020548139 5279990125028962572 1 41
102820020548139 4842821173080979174 1 50
66945744115695 11916230023362591137 -1 52
66945614995215 17203587221543825460 -1 2
66945614995314 17203587221543825460 -1 3
66945615172515 17203587221543825460 -1 5
66945615173082 17203587221543825460 -1 8
66945658232925 17203587221543825460 -1 10
66946045784635 17203587221543825460 -1 24
68075893070722 17205440241732677301 -1 33
68075893070722 17233235544565454916 -1 49
38129924527380 9755547580102415113 1 50
38131087143141 1141804736596245335 1 33
38131087143141 6948090765371013576 1 29
106761464508024 5973689771277047366 1 32
106761464508024 11418947096283250761 1 25
107608753117467 15093521598826676223 1 26
102525021460809 15093521598826676223 1 9
102525279760818 15093521598826676223 1 8
102525365860821 15093521598826676223 1 10
102523816297017 15093521598826676223 1 1
102523816257672 15093521598826676223 1 0
102523816237990 15093521598826676223 1 4
102530789806873 15093521598826676223 1 12
102527303377333 15093521598826676223 1 24
102830481964777 15093521598826676223 1 13
102882786387997 15093521598826676223 1 6
102882784799506 15093521598826676223 1 15
103039718795365 15093521598826676223 1 49
103039718795365 5232375752591468767 1 51
103039718795365 17329526348528529521 1 53
33064791711399 6467814236194875478 -1 34
43232254670421 6551200144693208323 -1 29
204216703044102 7001484050584205686 -1 2
204216703221267 3200380936649687656 -1 4
204216703221456 3200380936649687656 -1 5
204216703753377 3200380936649687656 -1 6
204216705349158 3200380936649687656 -1 9
204217221929493 3200380936649687656 -1 0
204217264976216 3200380936649687656 -1 8
204217394129501 3200380936649687656 -1 10
204217394267282 3200380936649687656 -1 14
204227864186423 3200380936649687656 -1 24
205640054915549 3200380936649687656 -1 33
205640054915549 3228176239482465271 -1 50
100843058879913 8051276999025682767 1 32
99995770270470 8053130019214534608 1 41
99995770270470 7615961067266551210 1 51
99995770270470 8992241561069718791 1 57
99995770270470 10397700263180038502 1 39
1335342562838364 14450255416199014769 1 23
717763309733244 18382299554910048192 1 47
717763309733244 5640852505566913618 1 53
717763309733244 18027376949795421847 1 59
717763309733244 12004212564180014237 1 48
717763309733244 6560808259362662683 1 61
40670628192657 13411185877902873590 -1 29
406699307472033 13411185877902873590 -1 43
406699307472033 5741442014025209011 -1 46
406699307458911 4746910390039295256 -1 34
409241173287240 7303215374928529368 -1 52
409241173287240 7000037562051149320 -1 59
409241173287240 17436976183922076668 -1 0
409241173306925 14202008943137879634 -1 47
409241173306925 6856471780858911567 -1 31
1850479097969468 10909026933877887834 -1 2
1850479098028535 10909026933877887834 -1 16
1850479184128538 10909026933877887834 -1 41
1850479184128538 10073602453947809699 -1 25
1852173761347424 4210574670110059236 -1 48
1852173761347424 7151343654746226793 -1 49
1852173761347424 1656806025486282398 -1 54
1852173761347424 1561749561983492129 -1 57
55927765145403 350220815692997949 -1 21
55952172636210 3033780937701438911 -1 34
66119635929846 3067135301100772049 -1 0
134739552961211 3067135301100772049 -1 25
136434259320260 3056017179967661003 -1 2
135587013757559 3056017179967661003 -1 14
135593609648957 3056017179967661003 -1 12
135597099090563 3056017179967661003 -1 3
135597099090698 3056017179967661003 -1 5
135597099091265 3056017179967661003 -1 10
135597486806999 3056017179967661003 -1 24
136727204952923 3057870200156512844 -1 41
136727204952923 972088530614595268 -1 40
136727204952923 13315301503802303983 -1 30
548540850201830 13315301503802303983 -1 31
1783887657118631 13315301503802303983 -1 23
1784107324535894 3879338197154050959 -1 7
1784107338889175 3879338197154050959 -1 37
1852737716254058 5680473820718040411 -1 43
1852737716254058 9189640345884185011 -1 46
1852737716254058 8101144909694352227 -1 49
1852737716254058 1893567634499838107 -1 51
1852737716254058 3998535260054141939 -1 53
1852737716254058 14442279618126556178 -1 55
1852737716254058 13769629412299133825 -1 56
1852737716254058 318699881869882776 -1 57
1852737716254058 10204626794693264807 -1 59
1852737716254058 12399257884034262002 -1 61
1852737716254058 6094104013626710985 -1 62
38133540845604 350220815692997949 1 34
30508158594222 366897997392664518 1 2
30508158594393 366897997392664518 1 3
30508158417273 366897997392664518 1 5
30508158417435 366897997392664518 1 25
32202348215832 378016118525775564 1 0
32202348215839 378016118525775564 1 32
31355059606396 374310078148071882 1 37
198286197121277 6918098142085872841 -1 13
175396877984970 5268351467408342212 1 18
38127987424935 107345312934396447 -1 43
38127987424935 16817228488434291887 -1 26
43211719081593 16867260033533291594 -1 20
66095485105356 16867260033533291594 -1 41
66095485105356 14764801182291707449 -1 47
66095485105356 11781206310333966184 -1 29
409247371929771 11781206310333966184 -1 31
1850485296592314 13132058028006958273 -1 61
718516452860829 13945613115647402808 1 32
717669164251386 13947466135836254649 1 41
717669164251386 13510297183888271251 1 50
717669164251386 4896554340382101473 1 59
111848811951465 433606724191330794 -1 21
134750011877553 433606724191330794 -1 0
134750011897238 14945830230369031828 -1 2
134739553315526 14945830230369031828 -1 6
134739553317227 14945830230369031828 -1 4
135586841927075 14929153048669365259 -1 8
135586971080360 14929153048669365259 -1 14
135597450565439 14929153048669365259 -1 7
135597455352782 14929153048669365259 -1 12
135597458009987 14929153048669365259 -1 23
135785758716548 14929153048669365259 -1 24
136350660836231 14929153048669365259 -1 30
548164306085138 14929153048669365259 -1 31
1783260050176160 14931006068858217100 -1 33
1784107209704489 14958801371690994715 -1 37
1852737587069372 14742429447458482552 -1 40
1852737587069372 11180612045781091037 -1 49
1852737587069372 5393526540834893746 -1 44
1852737587069372 15796033162610036751 -1 56
1852737587069372 4676981591820632730 -1 57
1852737587069372 8213315026871523899 -1 41
1852737587069372 15537437943600917572 -1 59
38131087143141 15346082591161029484 1 33
198268634327868 15334964470027918438 1 21
106771924861227 14510658111230951349 1 25
108466502080113 14497686969908988462 1 20
100844391379527 14497686969908988462 1 2
100844391379590 14497686969908988462 1 4
100844391379644 14497686969908988462 1 9
100844649679653 14497686969908988462 1 10
100843487496920 14497686969908988462 1 8
100843487503487 14497686969908988462 1 12
100843573957784 14497686969908988462 1 26
103385052365624 14497686969908988462 1 24
102820064152499 14497686969908988462 1 40
102820064152499 8206755335067513806 1 42
38148520710852 331562048210203898 -1 37
266916445260462 781845954101201261 -1 42
269458311088791 16705639406320851903 -1 43
269457923727351 9186819086950148688 -1 9
269458311174084 9186819086950148688 -1 0
269457149463743 9186819086950148688 -1 11
269458312138553 9186819086950148688 -1 5
269458312139066 9186819086950148688 -1 13
269458444940267 9186819086950148688 -1 1
269458444999322 9186819086950148688 -1 16
269458660239488 9186819086950148688 -1 14
269469130158629 9186819086950148688 -1 33
272010995986958 9197937208083259734 -1 52
272010995986958 7090809949455536339 -1 38
272010995986958 10443521166821681899 -1 39
477902128081607 3902990513084600847 -1 50
477902128081607 14332246336044307094 -1 25
479596705300493 14348923517743973663 -1 47
479596705300493 68697126320008942 -1 53
479596705300493 14772253004091980331 -1 56
479596705300493 326328287742721710 -1 40
479596705300493 8916617284555703473 -1 57
479596705300493 355800123669533888 -1 41
479596705300493 7679923040398927561 -1 58
479596705300493 444215631449970422 -1 59
479596705300493 15630581552022202237 -1 61
35588058699051 12757213563859224795 -1 33
35588058699051 11473502010848052216 -1 20
66945873078711 11467942950281496693 -1 43
66945485835369 11042588907915790711 -1 2
66945485835468 11042588907915790711 -1 3
66945486012669 11042588907915790711 -1 5
66945486013236 11042588907915790711 -1 9
66945873473091 11042588907915790711 -1 16
66946088706696 11042588907915790711 -1 8
66946217859981 11042588907915790711 -1 24
68358365542386 11042588907915790711 -1 32
68358365542386 11051854008860049916 -1 48
68358365542386 10206179699024778655 -1 50
38129924527380 6959208886504124622 1 29
106761464508024 6809114251207125501 1 33
102525150646901 15093521598826676223 1 1
102525150627242 15093521598826676223 1 10
102523687124021 15093521598826676223 1 3
102523686947090 15093521598826676223 1 49
102530660693039 5232375752591468767 1 12
102548095500779 5232375752591468767 1 5
102548094971282 5232375752591468767 1 13
102600399925943 5232375752591468767 1 14
102788694255212 5232375752591468767 1 7
102788689474430 5232375752591468767 1 15
102757322763728 5232375752591468767 1 31
720336575868848 5232375752591468767 1 51
720336575868848 17329526348528529521 1 53
43212494007864 17568843942056932216 -1 44
43212494007864 13359063967456374773 -1 0
43212494027549 13359063967456374773 -1 2
43212494086616 13359063967456374773 -1 16
43212580186619 13359063967456374773 -1 20
66096346210382 13359063967456374773 -1 49
1336409547562884 18130119590625834980 1 32
1335562258953441 18131972610814686821 1 39
1335562258953441 2105040535839362296 1 41
1335562258953441 1667871583891378898 1 50
1335562258953441 11500872814094760736 1 53
1335562258953441 5440653184613717349 1 59
1335562258953441 3659955018143077206 1 61
1335562258953441 596261052737163892 1 55
1335562258953441 8823267025666163399 1 57
66098584469268 4016775461007838656 -1 29
134739422187354 4166870096304837777 -1 30
409260931646886 8219425249323814044 -1 38
1026934327930833 10020560872887803496 -1 41
1026934327930833 8344152852461091703 -1 51
1026934327930833 14835582769858167966 -1 13
1026934331650920 14835582769858167966 -1 5
1026934331651433 14835582769858167966 -1 4
1026934332183036 14835582769858167966 -1 2
1026934332183081 14835582769858167966 -1 14
1026944802102222 14835582769858167966 -1 23
1232930091724605 14835582769858167966 -1 32
1233777380334048 14839288810235871648 -1 16
1233777595567653 14839288810235871648 -1 8
1233777595600458 14839288810235871648 -1 24
1029329992247823 14844847870802427171 -1 0
1029329992247828 14844847870802427171 -1 10
1029330116743532 14844847870802427171 -1 7
1029330121531604 14844847870802427171 -1 40
1029330121531604 1846198871248864712 -1 47
1029330121531604 4317470840550018263 -1 53
1029330121531604 2922019619775007 -1 54
1029330121531604 5506019630538596855 -1 56
1029330121531604 9506838987898889850 -1 57
1029330121531604 9111128284238747596 -1 62
106767663235848 2566648032062358034 1 25
176245329210174 5251674285708675643 1 18
168620764846491 5251674285708675643 1 9
168620248305522 5251674285708675643 1 4
168620248305657 5251674285708675643 1 2
168620248305639 5251674285708675643 1 10
168619086103221 5251674285708675643 1 12
168615599673114 5251674285708675643 1 21
99995682661434 5251674285708675643 1 39
1335342475229328 9304229438727651910 1 23
717763222124208 9304229438727651910 1 47
717763222124208 15009526463094068952 1 52
175392228939102 12274703520881213898 -1 26
172850363110773 12341412247679880174 -1 18
111846358071855 13692263965352872263 -1 19
134725475049750 13739980600870402186 -1 21
203380259905440 13739980600870402186 -1 39
821053656189387 3398346833198803104 -1 23
1438915338830988 3398346833198803104 -1 46
1438915338830988 6605475007713630341 -1 33
1439762627440431 6616593128846741387 -1 24
1440327529560114 6616593128846741387 -1 32
1441174818169557 6620299169224445069 -1 8
1441174861229400 6620299169224445069 -1 41
1441174861229400 18374150039732723610 -1 47
1441174861229400 5444775365981750978 -1 48
1441174861229400 4178609285898162888 -1 49
1441174861229400 800602815895715447 -1 50
1441174861229400 9113327479597924740 -1 59
1441174861229400 5852949326460604939 -1 61
1438696919939240 16025147211048125777 -1 50
1438696919939240 8414078422530684428 -1 48
1438696919939240 13011808417512764721 -1 52
1438696919939240 8495602123941291476 -1 54
1438696919939240 2728567013124399577 -1 55
